rows: 25
cols: 21
 0 0
 0 1
 1 3
 3 4
 2 2
 3 0
 5 1
 4 3
 3 1
 1 0
 0 2
 1 4
 3 5
 1 6
 3 7
 5 8
 6 6
 7 8
 8 6
 9 8
 7 9
 6 11
 4 12
 6 13
 7 11
 8 9
 9 7
 11 8
 9 9
 10 7
 11 6
 10 4
 11 5
 9 6
 7 5
 9 4
 10 6
 12 5
 12 6
 11 4
 13 5
 13 6
 11 7
 12 7
 11 9
 9 10
 8 12
 7 10
 5 11
 4 9
 6 8
 8 7
 10 8
 10 9
 8 10
 10 11
 11 12
 9 13
 10 15
 12 14
 10 13
 11 15
 10 17
 8 16
 9 14
 10 16
 8 15
 10 14
 11 16
 9 15
 8 13
 9 11
 10 12
 9 12
 10 10
 11 10
 12 10
 13 8
 13 9
 13 10
 14 8
 14 7
 13 7
 12 8
 12 9
 11 11
 12 12
 13 12
 13 11
 12 11
 14 10
 14 11
 14 12
 16 11
 17 11
 18 11
 19 9
 21 8
 23 9
 21 10
 20 12
 22 11
 24 10
 24 11
 24 12
 23 11
 21 12
 19 13
 20 11
 22 10
 24 9
 23 7
 24 5
 22 6
 20 7
 22 8
 24 7
 24 8
 23 10
 21 11
 23 12
 21 13
 19 14
 21 15
 23 14
 24 16
 22 15
 24 14
 22 13
 20 14
 18 15
 19 17
 20 19
 22 18
 23 20
 24 18
 23 16
 21 17
 23 18
 24 20
 24 19
 22 20
 21 18
 20 16
 22 17
 21 19
 20 17
 19 15
 21 16
 23 15
 21 14
 23 13
 24 15
 23 17
 22 19
 20 20
 18 19
 17 17
 16 19
 18 20
 19 18
 18 16
 17 18
 15 17
 17 16
 18 18
 17 20
 16 18
 15 20
 14 18
 16 17
 17 19
 19 20
 20 18
 19 16
 17 15
 15 16
 13 17
 12 19
 14 20
 13 18
 14 16
 15 14
 14 13
 16 14
 14 15
 13 13
 12 15
 11 17
 9 16
 7 17
 8 19
 9 17
 10 19
 8 18
 6 17
 7 15
 8 17
 10 18
 12 17
 13 15
 11 14
 12 16
 13 14
 11 13
 12 13
 14 14
 13 16
 15 15
 16 15
 18 14
 20 13
 22 12
 24 13
 22 14
 20 15
 22 16
 24 17
 23 19
 21 20
 19 19
 18 17
 16 16
 15 18
 16 20
 14 19
 12 18
 13 20
 15 19
 14 17
 13 19
 11 20
 9 19
 7 20
 6 18
 7 16
 8 14
 6 15
 5 17
 6 19
 4 20
 3 18
 4 16
 5 14
 7 13
 8 11
 6 12
 5 10
 3 11
 4 13
 2 14
 0 15
 1 17
 2 19
 0 20
 1 20
 0 18
 1 16
 3 15
 2 17
 3 19
 1 18
 2 16
 0 17
 1 19
 3 20
 5 19
 4 17
 5 15
 7 14
 6 16
 5 18
 6 20
 7 18
 8 20
 9 18
 10 20
 11 18
 12 20
 11 19
 9 20
 7 19
 5 20
 4 18
 5 16
 6 14
 4 15
 3 17
 4 19
 2 20
 0 19
 2 18
 3 16
 4 14
 2 15
 0 16
 1 14
 3 13
 2 11
 0 10
 2 9
 0 8
 2 7
 4 6
 6 5
 7 3
 5 2
 4 0
 3 2
 4 4
 3 6
 5 7
 7 6
 8 8
 6 9
 7 7
 5 6
 4 8
 6 7
 5 9
 3 8
 1 7
 0 5
 2 4
 4 5
 2 6
 1 8
 0 6
 2 5
 0 4
 2 3
 1 1
 0 3
 1 5
 0 7
 1 9
 0 11
 2 12
 3 10
 1 11
 0 13
 1 15
 3 14
 1 13
 3 12
 4 10
 5 12
 6 10
 7 12
 5 13
 4 11
 3 9
 1 10
 0 12
 2 13
 0 14
 1 12
 2 10
 0 9
 2 8
 4 7
 5 5
 6 3
 7 1
 5 0
 6 2
 8 1
 10 0
 11 2
 12 4
 14 3
 15 1
 13 0
 12 2
 11 0
 13 1
 15 0
 17 1
 16 3
 14 4
 15 2
 16 0
 18 1
 17 3
 19 4
 20 2
 19 0
 18 2
 17 4
 19 5
 20 3
 21 1
 23 2
 21 3
 20 5
 22 4
 24 3
 23 1
 21 0
 22 2
 21 4
 23 5
 21 6
 19 7
 18 5
 19 3
 21 2
 20 0
 19 2
 18 4
 17 6
 18 6
 18 7
 19 8
 20 6
 22 5
 24 4
 22 3
 20 4
 19 6
 21 5
 23 6
 21 7
 23 8
 21 9
 19 10
 18 8
 20 9
 19 11
 18 13
 18 12
 17 14
 17 13
 16 13
 15 13
 15 12
 16 12
 17 12
 18 10
 19 12
 20 10
 22 9
 20 8
 22 7
 24 6
 23 4
 24 2
 23 0
 24 0
 22 1
 23 3
 24 1
 22 0
 20 1
 18 0
 17 2
 16 4
 18 3
 19 1
 17 0
 16 2
 15 4
 17 5
 16 5
 16 6
 16 7
 17 7
 18 9
 16 10
 15 10
 15 9
 16 9
 16 8
 17 8
 17 9
 17 10
 15 11
 14 9
 15 8
 15 7
 15 6
 14 6
 14 5
 15 5
 13 4
 14 2
 12 3
 11 1
 9 0
 10 2
 12 1
 13 3
 14 1
 15 3
 16 1
 14 0
 13 2
 12 0
 10 1
 11 3
 10 5
 9 3
 8 5
 6 4
 8 3
 9 5
 10 3
 9 1
 7 0
 8 2
 7 4
 5 3
 6 1
 8 0
 9 2
 8 4
 7 2
 6 0
 4 1
 2 0
 1 2
 3 3
 5 4
 4 2
 2 1
